[[27148.82352941]]
[[6318.08235294 7511.88235294]
 [6067.09411765 7251.76470588]]
[[1452.74509804 1744.86666667 1870.5254902  1536.0627451 ]
 [1411.61568627 1708.85490196 2295.30980392 1809.98431373]
 [1570.44705882 1510.60392157 1639.49019608 2042.50980392]
 [1543.01960784 1443.02352941 1978.98039216 1590.78431373]]
[[427.12156863 330.49803922 384.90196078 433.75686275 388.56078431
  425.85490196 461.67058824 323.89019608]
 [370.91764706 324.20784314 376.19215686 550.01568627 662.28627451
  393.82352941 405.98431373 344.51764706]
 [373.72156863 331.49411765 394.31764706 523.30980392 600.54901961
  652.18039216 438.87843137 490.70588235]
 [384.69019608 321.70980392 401.34901961 389.87843137 580.18431373
  462.39607843 369.4627451  510.9372549 ]
 [374.14901961 401.90588235 361.05098039 418.89411765 499.80392157
  361.41568627 434.07843137 519.82745098]
 [382.27843137 412.11372549 422.62352941 308.03529412 455.10588235
  323.16470588 476.50588235 612.09803922]
 [423.49803922 353.18431373 454.97647059 297.2745098  473.67058824
  486.09411765 454.74509804 419.50980392]
 [447.32156863 319.01568627 360.54901961 330.22352941 418.20784314
  601.00784314 386.89019608 329.63921569]]
layer 1:
[[6318.08235294 7511.88235294]
 [6067.09411765 7251.76470588]]
0 1
layer 2:
[[1870.5254902  1536.0627451 ]
 [2295.30980392 1809.98431373]]
1 2
layer 3:
[[600.54901961 652.18039216]
 [580.18431373 462.39607843]]
2 5
